0.18534860558275448
0.7339260627338826
0.456317267785835
0.1244186333090306
0.07457233999649084
0.19812425094322372
0.12703918976751621
0.08340376387602536
0.08223928424638138
0.17213836162887133
0.4535159982457419
0.039609872240982016
0.3987588433331987
0.18809053356772076
0.4455544451405829
0.05885411561160174
0.6033521504681253
0.9045860004534354
0.5950983446080541
0.3296089290603753
0.1632827258310235
0.21245906521666894
0.3952852208837784
0.1996781130818558
0.09113324039896843
0.13885441860223946
0.050325141950089546
0.07178748426240608
0.06023980809858402
0.0424866201754076
0.14407512499907152
0.1481099952017859
0.21005129222149554
0.09663295389689588
0.18250661350391836
0.12720000632210465
0.34657330529057767
0.028972747480033485
0.9324295438644532
0.6452409617469335
1.0489792542857215
0.9716661207565697
0.07576736347580412
0.1416521719465921
0.18590379665962814
0.19939124934113564
0.34889021452904395
0.2870555430463057
0.2271027091848369
0.09877794802668398
0.22024624207325016
0.030828587711123522
0.1468243490244986
0.07131515484180156
0.3192162663770305
0.1550379983427648
0.0470528902279442
0.026197622754484912
0.3233201563998614
0.1990457436980622
0.6792475655074365
1.2855371376596294
0.4373312622048544
0.8023025650278724
0.3893675517964319
0.22585394305649412
0.3730099996032705
0.6489132011373259
0.432712941975843
0.2506233577917639
0.11883528421429537
0.11039843610905949
0.5858765065825486
0.5873613854683941
0.1429672930212112
0.140215183740938
0.12226532645053094
0.12056361481065372
0.43360907070743365
0.48851423261345855
0.08077218837719254
0.19073806543572075
0.041487343339656285
0.2781366114386659
0.10777804960175917
0.20435811491386072
0.10957228038553465
1.7755058327298445
0.19440207159860265
0.07504734965848382
0.1887899764561149
0.19488341342059534
0.14780789109467193
0.0919834375456372
0.18963662272461923
1.060934491943028
0.13869001563940336
0.1753541552241056
0.5649554337323295
0.2694271042544585
0.6241011961297951
0.2596778191649616
0.26884799723345654
0.5644916172380376
0.0738254358180105
0.23261574848893618
0.41998938978007294
0.7737354722505161
0.18774602592104497
0.07708444671852403
0.03993500167434782
0.5691432346977184
0.11195779442709793
0.11315365910902786
0.09952838804719179
0.17450295152132442
0.07316757822349404
0.13579046302725206
0.3361226480380909
0.16593093858855282
0.5122098191389566
0.10747163290657076
0.25562688043914145
0.20576082355102127
0.4085780292762767
0.024026321334356282
0.029112034159216846
0.28751416976927796
0.23186753610516386
0.322016432115878
0.22423231319202502
0.29060764499692143
